Precision: 0.9468503937007874
Recall: 0.7808441558441559
F-Score: 0.8558718861209964
