Precision: 0.993421052631579
Recall: 0.8830409356725146
F-Score: 0.934984520123839
